File	Total Reads	Aligned Reads	Unaligned Reads	Ambiguously Aligned Reads	No Genomic Sequence	Duplicate Reads (removed)	Unique Reads (remaining)	Total Cs	Methylated CpGs	Unmethylated CpGs	Methylated chgs	Unmethylated chgs	Methylated CHHs	Unmethylated CHHs
/work/gmgi/Fisheries/epiage/haddock/methylation/aligned/Mae-263_S1_R1_001_val_1_bismark_bt2_pe.bam	169701620	77374839	72626772	19700009	2440			3112338607	296500084	166673368	9329882	697270310	177133474	1765431489
/work/gmgi/Fisheries/epiage/haddock/methylation/aligned/Mae-266_S2_R1_001_val_1_bismark_bt2_pe.bam	178544379	72724528	86869168	18950683	2617			2938454820	279917443	151947895	9501912	643954461	202261632	1650871477
/work/gmgi/Fisheries/epiage/haddock/methylation/aligned/Mae-274_S3_R1_001_val_1_bismark_bt2_pe.bam	140725823	63671017	60193717	16861089	2027			2657971418	247765190	134060129	5905576	583801050	147725615	1538713858
/work/gmgi/Fisheries/epiage/haddock/methylation/aligned/Mae-278_S4_R1_001_val_1_bismark_bt2_pe.bam	140124175	62647482	58146426	19330267	2134			2552131495	243307435	126483868	5818260	562773997	143543961	1470203974
/work/gmgi/Fisheries/epiage/haddock/methylation/aligned/Mae-281_S5_R1_001_val_1_bismark_bt2_pe.bam	179941688	82214796	72811071	24915821	2392			3250843827	301062777	172704210	7638884	713620925	218883504	1836933527
/work/gmgi/Fisheries/epiage/haddock/methylation/aligned/Mae-285_S6_R1_001_val_1_bismark_bt2_pe.bam	146338780	44529797	86335974	15473009	1284			1734555462	141205407	87460700	5299926	344058923	220747445	935783061
/work/gmgi/Fisheries/epiage/haddock/methylation/aligned/Mae-293_S7_R1_001_val_1_bismark_bt2_pe.bam	159521487	73139290	66258928	20123269	2391			2958363102	272644932	153740414	6696023	651867419	144236677	1729177637
/work/gmgi/Fisheries/epiage/haddock/methylation/aligned/Mae-294_S8_R1_001_val_1_bismark_bt2_pe.bam	189201264	84352197	86627886	18221181	2969			3825327022	365883324	181979101	8472459	828650589	190429808	2249911741
/work/gmgi/Fisheries/epiage/haddock/methylation/aligned/Mae-295_S9_R1_001_val_1_bismark_bt2_pe.bam	115711873	52628662	48632846	14450365	1565			2108178392	200647111	108846661	4916123	470109501	115152186	1208506810
/work/gmgi/Fisheries/epiage/haddock/methylation/aligned/Mae-298_S10_R1_001_val_1_bismark_bt2_pe.bam	152848552	71342872	61059186	20446494	2288			2798026078	261879304	145500561	7371693	611152957	183826888	1588294675
/work/gmgi/Fisheries/epiage/haddock/methylation/aligned/Mae-302_S11_R1_001_val_1_bismark_bt2_pe.bam	115699660	47182595	56232192	12284873	1419			1940298596	177319644	98140782	4646565	418695009	125666116	1115830480
/work/gmgi/Fisheries/epiage/haddock/methylation/aligned/Mae-305_S12_R1_001_val_1_bismark_bt2_pe.bam	143148132	63519581	61048381	18580170	1973			2504290775	220322929	124665947	5755588	525123826	210627312	1417795173
/work/gmgi/Fisheries/epiage/haddock/methylation/aligned/Mae-310_S13_R1_001_val_1_bismark_bt2_pe.bam	177242659	71472903	85237735	20532021	2462			2851545027	259191742	147167859	7044260	614476680	184033319	1639631167
/work/gmgi/Fisheries/epiage/haddock/methylation/aligned/Mae-311_S14_R1_001_val_1_bismark_bt2_pe.bam	188942590	83377708	82987858	22577024	2756			3522373718	329173966	184391484	8167113	777322639	175560452	2047758064
/work/gmgi/Fisheries/epiage/haddock/methylation/aligned/Mae-317_S15_R1_001_val_1_bismark_bt2_pe.bam	146169521	60434633	71843976	13890912	2022			2615490145	246201643	129099926	6021274	576671681	118759701	1538735920
/work/gmgi/Fisheries/epiage/haddock/methylation/aligned/Mae-322_S16_R1_001_val_1_bismark_bt2_pe.bam	186938958	84946734	77826671	24165553	2630			3385732131	322215175	175286312	8017835	749862351	196316305	1934034153
/work/gmgi/Fisheries/epiage/haddock/methylation/aligned/Mae-327_S17_R1_001_val_1_bismark_bt2_pe.bam	98757629	44801573	43255313	10700743	1471			1857692980	172865942	94330121	4087340	408386205	95214875	1082808497
/work/gmgi/Fisheries/epiage/haddock/methylation/aligned/Mae-329_S18_R1_001_val_1_bismark_bt2_pe.bam	141191480	66024530	58646686	16520264	2216			2735343581	254919884	140505703	5906852	602049640	134429990	1597531512
/work/gmgi/Fisheries/epiage/haddock/methylation/aligned/Mae-330_S19_R1_001_val_1_bismark_bt2_pe.bam	215499588	99599899	88156715	27742974	3034			3895198428	366053413	200800531	9192152	854683770	249472769	2214995793
/work/gmgi/Fisheries/epiage/haddock/methylation/aligned/Mae-338_S20_R1_001_val_1_bismark_bt2_pe.bam	186686955	82109369	83312880	21264706	2607			3448282798	327817484	173937763	8917681	768362488	164655973	2004591409
/work/gmgi/Fisheries/epiage/haddock/methylation/aligned/Mae-342_S21_R1_001_val_1_bismark_bt2_pe.bam	227401747	101706417	100380688	25314642	3338			4283327675	388006495	225356411	9977455	940045537	195777306	2524164471
/work/gmgi/Fisheries/epiage/haddock/methylation/aligned/Mae-343_S22_R1_001_val_1_bismark_bt2_pe.bam	218520722	96741797	95807837	25971088	3055			3853177370	362173494	201608240	9609931	847870430	236916724	2194998551
/work/gmgi/Fisheries/epiage/haddock/methylation/aligned/Mae-344_S23_R1_001_val_1_bismark_bt2_pe.bam	213507050	93570596	92592379	27344075	2722			3697315963	337772126	188119300	9490520	790912600	276956592	2094064825
/work/gmgi/Fisheries/epiage/haddock/methylation/aligned/Mae-350_S24_R1_001_val_1_bismark_bt2_pe.bam	164928427	72474819	70351621	22101987	2362			2835517018	266231885	136396057	7102978	595909486	330052009	1499824603
/work/gmgi/Fisheries/epiage/haddock/methylation/aligned/Mae-352_S25_R1_001_val_1_bismark_bt2_pe.bam	128179039	57693478	54021171	16464390	1761			2217375535	207009501	121063668	5860947	488433029	158069874	1236938516
/work/gmgi/Fisheries/epiage/haddock/methylation/aligned/Mae-356_S26_R1_001_val_1_bismark_bt2_pe.bam	140750578	64302094	57302034	19146450	1962			2524523226	238956473	134861355	6271624	563273894	154466865	1426693015
/work/gmgi/Fisheries/epiage/haddock/methylation/aligned/Mae-368_S27_R1_001_val_1_bismark_bt2_pe.bam	132424445	60945075	54265537	17213833	1789			2412212370	236387899	123286916	5585308	546243409	124063098	1376645740
/work/gmgi/Fisheries/epiage/haddock/methylation/aligned/Mae-371_S28_R1_001_val_1_bismark_bt2_pe.bam	113561431	52479667	47163332	13918432	1621			2126228524	196606334	115781041	4642686	475020442	104651047	1229526974
/work/gmgi/Fisheries/epiage/haddock/methylation/aligned/Mae-378_S29_R1_001_val_1_bismark_bt2_pe.bam	101729615	41533366	49461241	10735008	1388			1760247778	162274269	93208681	4189475	391188290	87759120	1021627943
/work/gmgi/Fisheries/epiage/haddock/methylation/aligned/Mae-390_S32_R1_001_val_1_bismark_bt2_pe.bam	217464979	95514494	94948675	27001810	2910			3834647623	360747099	191675413	8797756	840803520	239539840	2193083995
/work/gmgi/Fisheries/epiage/haddock/methylation/aligned/Mae-396_S33_R1_001_val_1_bismark_bt2_pe.bam	112018156	51768692	47452392	12797072	1602			2101720111	204051095	103606089	5153024	470904782	105423337	1212581784
/work/gmgi/Fisheries/epiage/haddock/methylation/aligned/Mae-399_S34_R1_001_val_1_bismark_bt2_pe.bam	126030477	59230794	51400215	15399468	1769			2314957002	228126303	118432888	5714501	525669305	113929200	1323084805
/work/gmgi/Fisheries/epiage/haddock/methylation/aligned/Mae-403_S35_R1_001_val_1_bismark_bt2_pe.bam	116280347	50014010	53568831	12697506	1491			2025979405	198767210	104427426	5254303	458626607	93464423	1165439436
/work/gmgi/Fisheries/epiage/haddock/methylation/aligned/Mae-405_S36_R1_001_val_1_bismark_bt2_pe.bam	91824032	40513704	40659066	10651262	1114			1623726566	154926838	84750407	3668693	364629934	75657794	940092900
/work/gmgi/Fisheries/epiage/haddock/methylation/aligned/Mae-410_S37_R1_001_val_1_bismark_bt2_pe.bam	125610643	40330577	74474808	10805258	1505			1661777859	157250442	85064483	4601852	366680583	95845237	952335262
/work/gmgi/Fisheries/epiage/haddock/methylation/aligned/Mae-414_S38_R1_001_val_1_bismark_bt2_pe.bam	106453518	44167026	49962139	12324353	1330			1730463082	167973623	92470074	4623575	389879984	107697377	967818449
/work/gmgi/Fisheries/epiage/haddock/methylation/aligned/Mae-421_S39_R1_001_val_1_bismark_bt2_pe.bam	126761848	54433671	56787184	15540993	1584			2016952904	193221855	103255354	5070762	444596101	150434562	1120374270
/work/gmgi/Fisheries/epiage/haddock/methylation/aligned/Mae-422_S40_R1_001_val_1_bismark_bt2_pe.bam	96152716	35337126	51357198	9458392	986			1414874525	133814747	75624761	4441363	310999308	98321415	791672931
/work/gmgi/Fisheries/epiage/haddock/methylation/aligned/Mae-424_S41_R1_001_val_1_bismark_bt2_pe.bam	103676159	37559033	53286568	12830558	914			1370873573	120829722	73544412	3768959	288458496	150352696	733919288
/work/gmgi/Fisheries/epiage/haddock/methylation/aligned/Mae-428_S42_R1_001_val_1_bismark_bt2_pe.bam	114624352	52241307	49011512	13371533	1666			2182773025	200252964	113441957	5355722	475943307	135181582	1252597493
/work/gmgi/Fisheries/epiage/haddock/methylation/aligned/Mae-432_S43_R1_001_val_1_bismark_bt2_pe.bam	122875100	58368756	49487646	15018698	1680			2329663647	226433310	115452089	5866277	517871215	132023543	1332017213
/work/gmgi/Fisheries/epiage/haddock/methylation/aligned/Mae-436_S44_R1_001_val_1_bismark_bt2_pe.bam	128536533	61383339	51059930	16093264	1932			2553333753	252278586	132079876	6898631	573419545	125173771	1463483344
/work/gmgi/Fisheries/epiage/haddock/methylation/aligned/Mae-440_S45_R1_001_val_1_bismark_bt2_pe.bam	115673554	55252052	45680603	14740899	1609			2228954378	211953221	115385186	6065341	492682970	136374846	1266492814
/work/gmgi/Fisheries/epiage/haddock/methylation/aligned/Mae-441_S46_R1_001_val_1_bismark_bt2_pe.bam	116271588	54904651	45656210	15710727	1612			2151026768	201402088	110692966	5267585	471426561	152725182	1209512386
/work/gmgi/Fisheries/epiage/haddock/methylation/aligned/Mae-449_S48_R1_001_val_1_bismark_bt2_pe.bam	186412816	85306124	81177990	19928702	2683			3492930931	331663016	180029801	9223231	776296800	199120849	1996597234
/work/gmgi/Fisheries/epiage/haddock/methylation/aligned/Mae-454_S49_R1_001_val_1_bismark_bt2_pe.bam	89911641	43794448	35224469	10892724	1283			1729015460	166595721	86897962	4158693	388053291	82531662	1000778131
/work/gmgi/Fisheries/epiage/haddock/methylation/aligned/Mae-464_S50_R1_001_val_1_bismark_bt2_pe.bam	99533159	38860381	51408559	9264219	1311			1689512874	154807186	82385774	4127183	365747660	93714925	988730146
/work/gmgi/Fisheries/epiage/haddock/methylation/aligned/Mae-468_S51_R1_001_val_1_bismark_bt2_pe.bam	160559659	73376948	67678004	19504707	2273			2951916301	272849353	152307634	7514868	649982491	173944445	1695317510
/work/gmgi/Fisheries/epiage/haddock/methylation/aligned/Mae-470_S52_R1_001_val_1_bismark_bt2_pe.bam	114439634	46878724	56611952	10948958	1518			1998240139	181750352	102591663	5056540	436394249	110564740	1161882595
/work/gmgi/Fisheries/epiage/haddock/methylation/aligned/Mae-474_S57_R1_001_val_1_bismark_bt2_pe.bam	176725935	81981770	71268299	23475866	2409			3189907862	308556738	162356063	7644836	710820450	206368297	1794161478
/work/gmgi/Fisheries/epiage/haddock/methylation/aligned/Mae-475_S53_R1_001_val_1_bismark_bt2_pe.bam	129012784	61773860	51827945	15410979	1788			2501597441	236768920	125807300	5909946	554977249	125789724	1452344302
/work/gmgi/Fisheries/epiage/haddock/methylation/aligned/Mae-477_S54_R1_001_val_1_bismark_bt2_pe.bam	157861614	71042325	67468255	19351034	2211			2809454167	271038140	130147936	6722066	609654180	187353872	1604537973
/work/gmgi/Fisheries/epiage/haddock/methylation/aligned/Mae-481_S55_R1_001_val_1_bismark_bt2_pe.bam	189265377	88531094	77522742	23211541	2440			3564600465	324881259	183793398	8442843	775067206	219664409	2052751350
/work/gmgi/Fisheries/epiage/haddock/methylation/aligned/Mae-488_S56_R1_001_val_1_bismark_bt2_pe.bam	140384245	68689991	53686660	18007594	2112			2701707625	251140753	142245898	5760242	603031838	127342637	1572186257
/work/gmgi/Fisheries/epiage/haddock/methylation/aligned/Mae-495_S47_R1_001_val_1_bismark_bt2_pe.bam	139424603	52699787	73437002	13287814	1686			2250096498	206140183	115782371	5269061	499488020	113266464	1310150399
/work/gmgi/Fisheries/epiage/haddock/methylation/aligned/Mae-496_S58_R1_001_val_1_bismark_bt2_pe.bam	138882050	57499179	69489752	11893119	2004			2590533424	236689187	130328687	6319989	566288125	118455308	1532452128
/work/gmgi/Fisheries/epiage/haddock/methylation/aligned/Mae-499_S59_R1_001_val_1_bismark_bt2_pe.bam	185636551	85226368	76386998	24023185	2523			3365011793	329761029	151343046	7410902	738323949	213288035	1924884832
/work/gmgi/Fisheries/epiage/haddock/methylation/aligned/Mae-501_S60_R1_001_val_1_bismark_bt2_pe.bam	209549689	91615173	92478739	25455777	2653			3614008676	344080044	173691019	8492969	797351057	192573357	2097820230
/work/gmgi/Fisheries/epiage/haddock/methylation/aligned/Mae-502_S61_R1_001_val_1_bismark_bt2_pe.bam	165534512	76242883	68137668	21153961	2190			2942717395	286611183	142147725	6494596	658442719	160606059	1688415113
/work/gmgi/Fisheries/epiage/haddock/methylation/aligned/Mae-509_S62_R1_001_val_1_bismark_bt2_pe.bam	200298129	95976368	79728960	24592801	2936			3817411330	364696286	197444780	9355298	861192269	178857023	2205865674
/work/gmgi/Fisheries/epiage/haddock/methylation/aligned/Mae-512_S63_R1_001_val_1_bismark_bt2_pe.bam	198863842	94303140	79711319	24849383	2699			3753096830	357104401	198174530	10161680	844323054	195678543	2147654622
/work/gmgi/Fisheries/epiage/haddock/methylation/aligned/Mae-519_S64_R1_001_val_1_bismark_bt2_pe.bam	142745153	64882990	59718972	18143191	1921			2529829069	228788206	127410831	5608041	544207255	186379059	1437435677
/work/gmgi/Fisheries/epiage/haddock/methylation/aligned/Mae-520_S65_R1_001_val_1_bismark_bt2_pe.bam	149443458	65753442	65032302	18657714	1994			2559745577	238328183	126044127	6211060	560047362	165315465	1463799380
/work/gmgi/Fisheries/epiage/haddock/methylation/aligned/Mae-524_S66_R1_001_val_1_bismark_bt2_pe.bam	161662097	75047685	68740942	17873470	2259			3071920592	284759352	153437428	6604811	678882966	144882822	1803353213
/work/gmgi/Fisheries/epiage/haddock/methylation/aligned/Mae-525_S67_R1_001_val_1_bismark_bt2_pe.bam	198111655	91851102	82631324	23629229	2713			3679239059	361134614	183430676	9334072	829921054	173633088	2121785555
/work/gmgi/Fisheries/epiage/haddock/methylation/aligned/Mae-533_S68_R1_001_val_1_bismark_bt2_pe.bam	225096703	104862518	90050631	30183554	3183			4084967644	388953580	203478832	9437152	907176509	235539840	2340381731
/work/gmgi/Fisheries/epiage/haddock/methylation/aligned/Mae-535_S69_R1_001_val_1_bismark_bt2_pe.bam	211195159	96141444	88128215	26925500	3123			3870509142	359275419	198055992	8972904	850200515	247257516	2206746796
/work/gmgi/Fisheries/epiage/haddock/methylation/aligned/Mae-537_S70_R1_001_val_1_bismark_bt2_pe.bam	243861425	103650801	111712367	28498257	3333			4251331259	381221683	239103774	10908609	944891471	241199363	2434006359
