File	Total Reads	Aligned Reads	Unaligned Reads	Ambiguously Aligned Reads	No Genomic Sequence	Duplicate Reads (removed)	Unique Reads (remaining)	Total Cs	Methylated CpGs	Unmethylated CpGs	Methylated chgs	Unmethylated chgs	Methylated CHHs	Unmethylated CHHs
./Mae-265_S1_R1_001_val_1_bismark_bt2_pe.bam	164686698	4133390	160227108	326200	1			200551596	656812	59227910	532334	49729911	2773175	87631454
./Mae-271_S2_R1_001_val_1_bismark_bt2_pe.bam	129699558	2445398	126952783	301377	0			114419375	409095	33307549	352360	27950800	2591317	49808254
./Mae-275_S3_R1_001_val_1_bismark_bt2_pe.bam	97646130	4143528	93000659	501943	4			165577473	585331	49187370	476541	41007445	3743706	70577080
./Mae-282_S4_R1_001_val_1_bismark_bt2_pe.bam	189156606	6449539	182289293	417774	1			317010313	950017	94703520	770441	79275356	3422900	137888079
./Mae-284_S5_R1_001_val_1_bismark_bt2_pe.bam	137405587	6573795	130515449	316343	0			329694056	829061	98241494	665858	82488374	2660167	144809102
./Mae-286_S6_R1_001_val_1_bismark_bt2_pe.bam	121404588	4357732	116584920	461936	1			180910834	589519	53410861	470296	44733419	3466560	78240179
./Mae-288_S7_R1_001_val_1_bismark_bt2_pe.bam	120582524	5799271	114148416	634837	1			236322738	842598	70214654	679614	58607643	4806149	101172080
./Mae-292_S8_R1_001_val_1_bismark_bt2_pe.bam	105423098	3524200	101522934	375964	2			149550385	504974	44412795	402921	37067585	2880734	64281376
./Mae-299_S9_R1_001_val_1_bismark_bt2_pe.bam	86393734	1770841	84343777	279116	0			71056895	278689	20574959	230084	17211588	2234502	30527073
./Mae-300_S10_R1_001_val_1_bismark_bt2_pe.bam	134365687	4037872	129817963	509852	1			163424465	575020	48041482	453594	40154803	3812598	70386968
./Mae-303_S11_R1_001_val_1_bismark_bt2_pe.bam	122130154	4115392	117537518	477244	0			174721838	596532	51465429	487756	43009496	3786596	75376029
./Mae-304_S12_R1_001_val_1_bismark_bt2_pe.bam	159411326	5871266	152974575	565485	4			254482272	791446	75606917	635320	63138322	4370613	109939654
./Mae-324_S13_R1_001_val_1_bismark_bt2_pe.bam	158690579	4991968	153274791	423820	0			224907773	668271	66696115	524953	55849289	3239532	97929613
./Mae-325_S14_R1_001_val_1_bismark_bt2_pe.bam	129278885	4748505	124119464	410916	1			210717321	636190	62639641	510319	52426293	3088570	91416308
./Mae-331_S15_R1_001_val_1_bismark_bt2_pe.bam	148101318	19382540	128166801	551977	5			1048339552	2451071	315874960	1947490	264218820	4596009	459251202
./Mae-332_S16_R1_001_val_1_bismark_bt2_pe.bam	170479328	4683759	165188286	607283	3			198327832	703168	57972156	593174	48536639	4795651	85727044
./Mae-334_S17_R1_001_val_1_bismark_bt2_pe.bam	109814803	4867454	104496665	450684	1			219151408	705156	65527383	575968	54725085	3350053	94267763
./Mae-337_S18_R1_001_val_1_bismark_bt2_pe.bam	156290953	6343940	149569774	377239	5			311160845	885492	92990113	714958	77889187	3038749	135642346
./Mae-340_S19_R1_001_val_1_bismark_bt2_pe.bam	186447010	5976082	180096157	374771	4			299233868	882536	88662003	713690	74455819	3174286	131345534
./Mae-346_S20_R1_001_val_1_bismark_bt2_pe.bam	161302770	6236166	154644571	422033	4			310159674	1327508	92557160	1067010	77476229	3927068	133804699
./Mae-348_S21_R1_001_val_1_bismark_bt2_pe.bam	184289487	5340751	178379290	569446	0			243269090	865505	71608983	709913	59942754	4601575	105540360
./Mae-351_S22_R1_001_val_1_bismark_bt2_pe.bam	137284665	5391581	131624532	268552	0			274101833	788271	82055094	635961	68749305	2274104	119599098
./Mae-355_S23_R1_001_val_1_bismark_bt2_pe.bam	183094003	9032375	173579354	482274	2			441311392	1190765	132488705	956197	110812237	3744251	192119237
./Mae-358_S24_R1_001_val_1_bismark_bt2_pe.bam	258521324	9176093	248871279	473952	0			456753161	1226269	137454352	991799	114842903	3985076	198252762
./Mae-363_S25_R1_001_val_1_bismark_bt2_pe.bam	131368990	5851779	125290089	227122	4			309339253	864219	93120012	699231	77933006	2030555	134692230
./Mae-364_S26_R1_001_val_1_bismark_bt2_pe.bam	143501751	6358495	136846561	296695	3			320185576	888252	95437328	718731	80094671	2518278	140528316
./Mae-366_S27_R1_001_val_1_bismark_bt2_pe.bam	129809423	8883789	120562012	363622	3			444992915	1162866	134044774	948553	112125575	2897324	193813823
./Mae-374_S28_R1_001_val_1_bismark_bt2_pe.bam	120946519	4931108	115730303	285108	2			233459339	653844	69715806	524019	58437068	2251438	101877164
./Mae-377_S29_R1_001_val_1_bismark_bt2_pe.bam	140453262	3520293	136681523	251446	2			170996427	526966	50529965	433637	42437917	2194298	74873644
./Mae-379_S71_R1_001_val_1_bismark_bt2_pe.bam	183092835	6911554	175673816	507465	1			314272715	935042	94092128	726403	78731595	3611494	136176053
./Mae-381_S30_R1_001_val_1_bismark_bt2_pe.bam	163430391	7889979	155124851	415561	2			386316016	1022217	115228237	823124	96583716	3396650	169262072
./Mae-384_S72_R1_001_val_1_bismark_bt2_pe.bam	124228425	3915519	120095614	217292	2			197905503	477941	59310656	380335	49627312	1721876	86387383
./Mae-386_S31_R1_001_val_1_bismark_bt2_pe.bam	131338068	3280830	127787629	269609	1			157615766	513671	46465472	424911	38988056	2332842	68890814
./Mae-394_S32_R1_001_val_1_bismark_bt2_pe.bam	185225526	5957572	178876058	391896	0			295458514	893820	88268416	733615	73901101	3281959	128379603
./Mae-398_S33_R1_001_val_1_bismark_bt2_pe.bam	104262242	3385160	100646721	230361	0			166832728	499410	49594375	413089	41517016	2005527	72803311
./Mae-404_S34_R1_001_val_1_bismark_bt2_pe.bam	168342751	8806667	159219182	316902	4			466808517	1264187	139839831	1026369	117283984	2851291	204542855
./Mae-407_S35_R1_001_val_1_bismark_bt2_pe.bam	225174795	7038245	217783227	353323	2			365236529	1062816	108891657	856374	91231161	3141724	160052797
./Mae-409_S36_R1_001_val_1_bismark_bt2_pe.bam	101790044	2422843	99188100	179101	0			115952851	346721	34372220	280616	28824094	1452269	50676931
./Mae-412_S37_R1_001_val_1_bismark_bt2_pe.bam	147083152	5195105	141654407	233640	4			275451894	871279	82241134	716206	68899567	2407404	120316304
./Mae-418_S38_R1_001_val_1_bismark_bt2_pe.bam	178035373	4650848	173013362	371163	1			224234878	781591	66871117	643545	55899237	3316295	96723093
./Mae-423_S39_R1_001_val_1_bismark_bt2_pe.bam	175271215	5855273	169071083	344859	1			299411899	831048	88506235	681680	74341371	3043120	132008445
./Mae-426_S40_R1_001_val_1_bismark_bt2_pe.bam	150434386	4675388	145505869	253129	0			239505757	661426	71232412	544922	59764876	2186145	105115976
./Mae-430_S51_R1_001_val_1_bismark_bt2_pe.bam	139855007	3126634	136480018	248355	2			155043909	482145	45535304	390599	38288479	2095831	68251551
./Mae-431_S41_R1_001_val_1_bismark_bt2_pe.bam	147519370	8152524	138967219	399627	4			398461116	1122816	120168553	908153	100356582	3267133	172637879
./Mae-435_S42_R1_001_val_1_bismark_bt2_pe.bam	173263925	4856543	168099753	307629	3			245349292	752126	73139424	612066	61211559	2624578	107009539
./Mae-438_S43_R1_001_val_1_bismark_bt2_pe.bam	180220910	4685366	175168007	367537	0			223467479	669018	66446190	547314	55567216	3050017	97187724
./Mae-443_S44_R1_001_val_1_bismark_bt2_pe.bam	129776621	3697044	125805885	273692	2			180354097	584042	53563557	476818	44891037	2288611	78550032
./Mae-447_S45_R1_001_val_1_bismark_bt2_pe.bam	108490596	10246686	97942879	301031	0			569255911	1616613	171533983	1307264	143535948	2901940	248360163
./Mae-450_S46_R1_001_val_1_bismark_bt2_pe.bam	146381547	6242779	139901086	237682	1			335005796	905622	100090274	738926	83983328	2187395	147100251
./Mae-451_S47_R1_001_val_1_bismark_bt2_pe.bam	160834866	7801323	152589380	444163	2			376925187	1098960	113103906	884812	94618709	3481435	163737365
./Mae-456_S48_R1_001_val_1_bismark_bt2_pe.bam	90005246	5028785	84754174	222287	1			249573285	686085	75508361	553379	63048271	1793872	107983317
./Mae-458_S49_R1_001_val_1_bismark_bt2_pe.bam	113771078	9026028	104395423	349627	0			462905937	1276942	139827467	1037590	116858454	2917857	200987627
./Mae-459_S50_R1_001_val_1_bismark_bt2_pe.bam	181654095	3086942	178285198	281955	0			152622695	511455	44784120	423428	37598421	2484433	66820838
./Mae-466_S52_R1_001_val_1_bismark_bt2_pe.bam	118984872	2431727	116430629	122516	0			135444478	356799	39683955	289591	33496602	1112201	60505330
./Mae-472_S53_R1_001_val_1_bismark_bt2_pe.bam	100427034	2926103	97394597	106334	0			164524070	425886	48532565	344707	40882317	1047132	73291463
./Mae-473_S54_R1_001_val_1_bismark_bt2_pe.bam	87520889	3181944	84158037	180908	0			161699721	461733	48369197	375201	40500002	1512007	70481581
./Mae-479_S55_R1_001_val_1_bismark_bt2_pe.bam	140493969	13161788	126885360	446821	3			702348071	1791247	210393242	1446507	176313709	3883818	308519548
./Mae-482_S56_R1_001_val_1_bismark_bt2_pe.bam	111982058	3706705	108144438	130915	1			206006319	572446	61707853	460340	51736968	1279573	90249139
./Mae-486_S57_R1_001_val_1_bismark_bt2_pe.bam	155855050	10162275	145379944	312831	8			570386207	1455346	170442612	1180193	142939001	2879543	251489512
./Mae-494_S58_R1_001_val_1_bismark_bt2_pe.bam	77813836	2187305	75499875	126656	2			109583795	303712	32729304	246233	27421462	1043461	47839623
./Mae-500_S59_R1_001_val_1_bismark_bt2_pe.bam	100559979	4730717	95613823	215439	0			241877166	602042	71544489	477433	60279741	1765608	107207853
./Mae-504_S60_R1_001_val_1_bismark_bt2_pe.bam	145728188	3529724	142041958	156506	1			193779669	524138	56993992	425161	48018253	1545441	86272684
./Mae-508_S61_R1_001_val_1_bismark_bt2_pe.bam	242595636	10089530	231983137	522969	1			521247695	1622069	156617035	1306052	131143843	4770295	225788401
./Mae-510_S62_R1_001_val_1_bismark_bt2_pe.bam	169089975	4313405	164559246	217324	0			231058838	624851	68091366	496529	57408058	1974298	102463736
./Mae-511_S63_R1_001_val_1_bismark_bt2_pe.bam	188922685	7925149	180658543	338993	0			407098871	1105771	120558099	904775	101075466	2872339	180582421
./Mae-517_S64_R1_001_val_1_bismark_bt2_pe.bam	120081172	5675181	114231091	174900	8			313548579	948681	91830772	798455	77335196	1889358	140746117
./Mae-518_S65_R1_001_val_1_bismark_bt2_pe.bam	119413910	3212317	115831049	370544	0			139607294	542189	41470909	433358	34643472	2873664	59643702
./Mae-522_S66_R1_001_val_1_bismark_bt2_pe.bam	260183981	10033359	249351182	799440	1			460927137	1569636	138549388	1231808	115679502	6176434	197720369
./Mae-523_S67_R1_001_val_1_bismark_bt2_pe.bam	212654839	6688006	205507974	458859	2			317683085	937980	96260721	748309	80123882	3761030	135851163
./Mae-530_S68_R1_001_val_1_bismark_bt2_pe.bam	121993374	5752928	115851835	388611	3			267637559	773684	80593137	608838	67304110	2811492	115546298
./Mae-534_S69_R1_001_val_1_bismark_bt2_pe.bam	159444504	6430791	152544063	469650	1			296871422	824631	88981313	651339	74324068	3433972	128656099
./Mae-536_S70_R1_001_val_1_bismark_bt2_pe.bam	159659947	6557987	152619165	482795	0			299232657	821309	89791890	648451	74949269	3486830	129534908
